0: g0-s7, g9-s0, y0-s5, y5-s0, b0-s6, b1-s5,1: g0-s7->s2, g1-s7, g7-s0, g9-s0, y0-s5, y1-s0, y2-s5, y5-s0, b0-s6, b1-s5, b2-s6, b3-s5,2: g0-s7->s2, g1-s7, g2-s0, g3-s7, g7-s0, g9-s0, y0-s5, y1-s0, y2-s5, y5-s0, y6-s5, y9-s0, b0-s6->s4, b1-s5, b2-s6, b3-s5, b5-s6, b9-s5,3: g0-s7->s2, g1-s7, g2-s0, g3-s7, g4-s0, g6-s7, g7-s0, g9-s0, y0-s5, y1-s0, y2-s5, y4-s0, y5-s0, y6-s5, y7-s5, y9-s0, b0-s6->s4, b1-s5, b2-s6, b3-s5, b4-s5, b5-s6, b6-s6, b9-s5,4: g0-s7->s2, g1-s7, g2-s0, g3-s7, g4-s0, g5-s7, g6-s7, g7-s0, g8-s0, g9-s0, y0-s5, y1-s0, y2-s5, y3-s0, y4-s0, y5-s0, y6-s5, y7-s5, y8-s5, y9-s0, b0-s6->s4, b1-s5, b2-s6, b3-s5, b4-s5, b5-s6, b6-s6, b7-s6, b8-s5, b9-s5,5: g0-s2, g1-s7, g2-s0, g3-s7, g4-s0, g5-s7, g6-s7, g7-s0, g8-s0, g9-s0, y0-s5->s3, y1-s0, y2-s5, y3-s0, y4-s0, y5-s0, y6-s5, y7-s5, y8-s5, y9-s0, b0-s6->s4, b1-s5->s1, b2-s6, b3-s5, b4-s5, b5-s6, b6-s6, b7-s6, b8-s5, b9-s5,6: g0-s2, g1-s7->s2, g2-s0, g3-s7, g4-s0, g5-s7, g6-s7, g7-s0, g8-s0, g9-s0, y0-s5->s3, y1-s0, y2-s5, y3-s0, y4-s0, y5-s0, y6-s5, y7-s5, y8-s5, y9-s0, b0-s6->s4, b1-s1, b2-s6, b3-s5, b4-s5, b5-s6, b6-s6, b7-s6, b8-s5, b9-s5,7: g0-s2, g1-s7->s2, g2-s0, g3-s7, g4-s0, g5-s7, g6-s7, g7-s0, g8-s0, g9-s0->s1, y0-s5->s3, y1-s0, y2-s5, y3-s0, y4-s0, y5-s0, y6-s5, y7-s5, y8-s5, y9-s0, b0-s6->s4, b1-s1, b2-s6, b3-s5, b4-s5, b5-s6, b6-s6, b7-s6, b8-s5, b9-s5->s1,8: g0-s2->s1, g1-s7->s2, g2-s0, g3-s7, g4-s0, g5-s7, g6-s7, g7-s0, g8-s0, g9-s0->s1, y0-s5->s3, y1-s0, y2-s5, y3-s0, y4-s0, y5-s0, y6-s5, y7-s5, y8-s5, y9-s0, b0-s6->s4, b1-s1->s2, b2-s6, b3-s5, b4-s5, b5-s6, b6-s6, b7-s6, b8-s5, b9-s1,9: g0-s2->s1, g1-s7->s2, g2-s0, g3-s7, g4-s0, g5-s7, g6-s7, g7-s0, g8-s0, g9-s1, y0-s5->s3, y1-s0, y2-s5, y3-s0, y4-s0, y5-s0, y6-s5, y7-s5, y8-s5, y9-s0, b0-s6->s4, b1-s1->s2, b2-s6, b3-s5, b4-s5, b5-s6, b6-s6, b7-s6, b8-s5, b9-s1,Time taken: 0 seconds 15 milliseconds
green: 10 trains -> 0.112500, (longest) 0.500000, (shortest) 0.000000
yellow: 10 trains -> 0.000000, (longest) 0.000000, (shortest) 0.000000
blue: 10 trains -> 0.020000, (longest) 0.200000, (shortest) 0.000000